50000           5.214967                0.006601                0.009327
100000          20.005946               0.011966                0.019956
150000          45.432718               0.017629                0.031462
200000          80.413316               0.023357                0.042696
250000          126.943832              0.029286                0.055226
300000          180.428625              0.034065                0.066894
350000          250.297725              0.040087                0.080041
400000          328.053307              0.049224                0.109178
450000          416.833140              0.052237                0.104318
500000          505.983402              0.057559                0.120650
550000          611.470085              0.064404                0.131268
600000          723.618533              0.069517                0.146671
650000          857.288701              0.079509                0.158482
700000          996.329405              0.079448                0.176243
750000          1140.969783             0.087554                0.184472
800000          1303.447325             0.092457                0.199016
850000          1461.309659             0.101397                0.211806
900000          1653.255179             0.107357                0.224591
950000          1834.121875             0.112251                0.239986
1000000         2034.421394             0.123938                0.254609